[[106004.99270221668,
  95236.77695824372,
  88078.6844080076,
  112337.02658236393,
  101918.88656188015,
  89782.73725074496,
  100209.75467337697,
  102271.97088009513,
  101012.83707958872,
  107640.6435453833,
  99709.74842316336,
  111494.5737394988,
  96337.17847200905,
  86972.47847140327,
  97523.00152513891,
  96687.42411796688,
  95303.34292671536,
  95974.52976869071,
  103430.08055319631,
  95907.39593421343,
  97185.43608417318,
  112237.40441024193,
  93250.78074412461,
  94497.25227041321,
  108860.99467579123,
  99693.23458514146,
  96728.35097419213,
  104962.42854847148,
  103105.13853778881,
  108158.72723709035,
  108393.39432797485,
  107159.36216266597,
  99965.40201780316,
  106057.83575831233,
  106848.98661320945,
  93391.40121569163,
  90318.3083050052,
  96974.26052550433,
  107550.69674013717,
  92018.9199967162,
  91595.43939311347,
  94568.22333797984,
  95140.58635229983,
  97492.56700122966,
  95966.31948111864,
  97894.75129692222,
  100731.80909449515,
  94653.81988279056,
  99450.38948970233,
  95230.89714673508,
  108105.19105254773,
  101222.88776719758,
  86879.40345607136,
  101501.18706606627,
  107745.08583472722,
  104409.36135513753,
  110099.8781254178,
  92380.54303689061,
  109186.56818927974,
  99262.59253090649,
  103384.58669034581,
  101139.50880663267,
  112726.47638539139,
  96950.07034068239,
  99457.80392258981,
  106214.85298834236,
  89928.64777565362,
  92198.27903238763,
  105431.67941558633,
  102361.04909482745,
  98532.21058141706,
  106753.31502595023,
  103469.97476504811,
  106952.94040566961,
  96100.09805211313,
  104810.98144212343,
  104348.44059058008,
  105342.12497368237,
  104493.35425329098,
  105256.08922564171,
  95251.47966406515,
  90937.30979895972,
  102957.17448295125,
  92397.18754103,
  91514.60390447671,
  98123.61194102671,
  99669.88288610207,
  92460.88109156031,
  96166.00313657973,
  96255.83181111784,
  91983.93755202784,
  100248.83169076494,
  103016.4811159965,
  98482.27606129002,
  99158.10223293347,
  96141.27813947409,
  98737.59114133625,
  105140.62276214917,
  104900.19204039342,
  97433.29351577698],
 [105533.47779984957,
  104067.5931960124,
  92701.85301517411,
  100572.71371803453,
  101869.24017027587,
  95220.81502584102,
  98944.44359937886,
  92967.22465577099,
  96441.70657692192,
  103431.04782078092,
  102254.52019973786,
  102682.67823980332,
  103008.24870129136,
  94298.44722570776,
  100710.73126911401,
  96149.06813766819,
  92236.5943437849,
  97130.10786707858,
  95386.63072867686,
  98223.74162167835,
  94275.08235851681,
  104083.79818965014,
  90584.907760451,
  98889.84635829674,
  106953.29664127776,
  108486.5023553165,
  99488.94730772912,
  99924.63481046536,
  97533.84465545532,
  103674.96596271268,
  103471.75188192977,
  99265.72660675168,
  97221.17289158398,
  103275.80147675145,
  103116.801518674,
  94945.68735235286,
  92466.52629480173,
  97016.8492124072,
  106679.02962038871,
  95452.34517158203,
  96952.85932309432,
  96200.68015169866,
  97730.60164127722,
  97304.7514436988,
  97816.41280210392,
  102182.17050265314,
  101526.57452085004,
  92359.13396062062,
  101682.18080932205,
  95560.59371124649,
  109972.17277143816,
  103596.47029932025,
  91503.13731057363,
  102100.91254600583,
  98444.25475049816,
  108446.30516716099,
  104837.72247919072,
  94486.13361992249,
  107120.52987508077,
  104661.03454882491,
  100830.21476720573,
  100969.86794904526,
  98539.37224631755,
  97425.06372731428,
  101337.46137777947,
  92788.46634965933,
  94928.24006325264,
  99043.480541848,
  109613.8028247781,
  103786.78031758998,
  94599.5387193497,
  98370.64044452591,
  102733.96967374424,
  105312.32452477679,
  102229.05410167346,
  107299.4292585169,
  103051.59945097814,
  102388.50512247303,
  102369.96339020302,
  107147.38912049973,
  101216.5662836224,
  90001.01697079663,
  103618.49787974288,
  102962.3624289723,
  90215.07060421372,
  99371.82106742292,
  98384.92397007324,
  93404.88807770716,
  100163.86250689173,
  98969.33896887754,
  89832.33126330927,
  100101.0234327635,
  97847.37269047144,
  103766.74913542595,
  95468.3733394034,
  96335.39374244721,
  94386.61899459266,
  101919.19695967439,
  100573.63394578862,
  93863.43202518231],
 [100984.21025777,
  99050.87128805931,
  96416.88856327866,
  98616.64627242828,
  100905.44315513292,
  96493.69330135013,
  97222.6105373708,
  95496.93347081574,
  96082.50835996478,
  104173.23773394349,
  99907.27892161744,
  102443.98046371962,
  100552.63408511726,
  99011.65455499178,
  100164.80934716633,
  100666.29572960448,
  96242.8149268647,
  93031.77212298474,
  95505.36041031823,
  100342.44557605516,
  95400.75079303101,
  103645.92823381073,
  98461.9714122327,
  98702.2813744141,
  104680.9402303994,
  103290.80353094349,
  95340.86689076388,
  96023.8490412403,
  97140.30876996544,
  104273.55491973153,
  103251.97983106553,
  100487.74147227507,
  97931.91443939322,
  102135.38561580887,
  103358.15456615819,
  93374.03704393744,
  99283.64032416964,
  96308.28627728978,
  103236.6952889013,
  101519.36888432408,
  97408.65968690522,
  99628.63772725483,
  97922.42448585744,
  98712.31667338105,
  99459.5855993567,
  98227.06680536836,
  104016.84084242658,
  98020.3659073929,
  102756.72478055407,
  98618.04570859502,
  107668.70903512232,
  101671.20094895095,
  96873.47973148125,
  97162.83729806064,
  99929.73537608744,
  105428.00252066279,
  105362.29953210894,
  96331.16549031512,
  106099.56990107124,
  100005.06714462777,
  102118.50802939251,
  99505.20660361512,
  100255.33760017036,
  95201.35726820577,
  96340.2118520519,
  96823.47039694511,
  95821.40473454741,
  98431.11298987574,
  104195.93324635747,
  103634.64789435298,
  96269.15187629868,
  101242.723757246,
  99458.6366471051,
  105467.23059177613,
  100901.9989359659,
  103811.17742338314,
  99202.58344255896,
  102124.08939068163,
  103226.52604128073,
  103655.67848615193,
  103419.59895703834,
  94203.38624643532,
  101783.50991746003,
  98032.00977020293,
  95345.08936362002,
  97904.17602093387,
  97354.3637092658,
  95096.23645553709,
  103125.80276282263,
  103194.13501203647,
  92679.59143426134,
  99157.88479755231,
  98448.68371000211,
  98448.92838665111,
  96424.68353454856,
  93950.68888634045,
  96834.168809112,
  104061.69886707638,
  103048.3249976875,
  97049.34794281986],
 [100636.85114034441,
  99509.58523692236,
  99903.26950460256,
  101825.19571324217,
  102268.12883721264,
  97449.63668104954,
  100883.84649558368,
  97870.28143484464,
  98323.64082414594,
  103808.07763876201,
  98647.11742539032,
  100381.29204781166,
  101808.61891090436,
  99147.6301806029,
  101044.33494432236,
  99895.94266158945,
  100367.93337014914,
  94430.3337590899,
  100165.98539702507,
  100818.71404912171,
  99571.66075795525,
  100112.97785554895,
  96766.77122844428,
  101116.26644141803,
  103665.21732025394,
  97973.43123949293,
  98274.06339198761,
  98423.90831623656,
  99919.41501479194,
  102137.94609750205,
  103672.03718358517,
  102831.09396615037,
  99210.68277529214,
  99640.12602977594,
  103127.15557050997,
  98091.37216195893,
  99984.55059380142,
  96484.94135306572,
  102644.92248485654,
  101564.06793280962,
  101055.71625817438,
  100196.42366547682,
  97718.69183702192,
  99428.77568580762,
  99841.19574076642,
  100595.6240536853,
  99597.31090955755,
  99378.26469019984,
  101804.56217656627,
  98794.30728156466,
  104368.76005608498,
  98202.38226111545,
  98527.77894706508,
  95593.25079091708,
  97055.41556499137,
  100756.13738910062,
  105040.4277304321,
  102971.86446263219,
  103548.02348737484,
  99558.46666920224,
  100700.59095124723,
  99744.11770723389,
  100534.90504710797,
  99221.52122504555,
  98881.10652063758,
  98104.38968324245,
  97957.35233621,
  96578.23970977239,
  100197.70288285511,
  102034.4743519583,
  95487.36208050944,
  100868.18444368841,
  102479.98259754699,
  101691.71789434883,
  96905.7454410753,
  101220.41508502745,
  100256.92458911873,
  103465.02845051,
  100168.59294347139,
  100229.48798810215,
  99576.63915211437,
  99214.8676078707,
  101085.03478482795,
  98563.47969043198,
  99552.10224075142,
  98574.29057584537,
  98363.29485789273,
  99245.4263418219,
  104017.11281048963,
  101896.40653066504,
  96117.94907127641,
  99428.67590966127,
  100648.08332966431,
  99831.19905177054,
  94325.15503635687,
  96577.97053679735,
  98202.81416519001,
  100093.39571280884,
  104848.75065321855,
  99498.10612650895],
 [100613.91918133116,
  99947.05881266776,
  99093.53438551903,
  100733.21399688718,
  99535.55762595749,
  98582.07921719049,
  100796.22782594072,
  97254.87951281057,
  99201.30970685961,
  100752.13107609942,
  98492.88858474884,
  100299.83109730059,
  100487.9252869542,
  99473.49661986173,
  99084.02241173072,
  99143.87341945636,
  97960.68294074477,
  98470.08606427607,
  96227.94739257547,
  99219.46212704091,
  98879.61635146153,
  101171.83163854216,
  99598.75488677438,
  102220.00732081219,
  101783.44634561526,
  99273.59569442389,
  98454.41650570526,
  99233.55585873795,
  98888.23058061616,
  100487.56868568796,
  102829.32440223871,
  100014.08040908308,
  99617.6522730431,
  98921.75217572905,
  102745.91574071147,
  98418.10086727198,
  99736.09257591506,
  98055.83121897459,
  100854.65861190618,
  102852.90156732115,
  98234.85618480448,
  100322.23865468477,
  98371.88675248284,
  99891.2194279905,
  100906.9443653812,
  100452.70403270103,
  101010.35058473657,
  98759.3959588689,
  101848.79941104006,
  98211.80648675933,
  100776.50281973318,
  99266.58108950111,
  99443.17954536111,
  97114.52849717851,
  99834.25446153313,
  102507.83630564215,
  100513.38901948086,
  103268.98058485934,
  102108.69013500871,
  98403.56302943033,
  101494.23595668364,
  99921.0925669142,
  100089.04708259061,
  99204.86192522444,
  99092.63359245748,
  97270.14865886823,
  98519.89737869948,
  100466.6669611793,
  101947.06721609783,
  100582.00990050955,
  98736.11331074874,
  99653.6899536032,
  103209.5503581021,
  102064.65598455195,
  97951.63507930865,
  101822.62073795326,
  99848.73795305651,
  101368.4525243934,
  101094.36794207772,
  103020.81079028928,
  100800.50150044504,
  100544.1279700722,
  100396.14582993458,
  99623.81373571373,
  98563.28317797651,
  98539.2555232695,
  99710.46466364124,
  103016.90308349994,
  102678.543190019,
  101928.7540418496,
  97502.66712837481,
  101627.17186636108,
  99818.18861195633,
  97640.763381963,
  96541.29262211049,
  97711.41232379017,
  98422.84798961187,
  97996.04477476951,
  104405.73186976566,
  99198.30615136979]]